%%MatrixMarket matrix coordinate  real general
130 751 1502
5 1 -1.00000000000000000e+00
6 1 1.00000000000000000e+00
5 2 1.00000000000000000e+00
6 2 -1.00000000000000000e+00
4 3 -1.00000000000000000e+00
5 3 1.00000000000000000e+00
4 4 1.00000000000000000e+00
5 4 -1.00000000000000000e+00
3 5 -1.00000000000000000e+00
4 5 1.00000000000000000e+00
3 6 1.00000000000000000e+00
4 6 -1.00000000000000000e+00
10 7 1.00000000000000000e+00
111 7 -1.00000000000000000e+00
2 8 -1.00000000000000000e+00
111 8 1.00000000000000000e+00
2 9 1.00000000000000000e+00
111 9 -1.00000000000000000e+00
5 10 -1.00000000000000000e+00
32 10 1.00000000000000000e+00
5 11 1.00000000000000000e+00
32 11 -1.00000000000000000e+00
10 12 1.00000000000000000e+00
18 12 -1.00000000000000000e+00
2 13 -1.00000000000000000e+00
87 13 1.00000000000000000e+00
2 14 1.00000000000000000e+00
87 14 -1.00000000000000000e+00
10 15 1.00000000000000000e+00
20 15 -1.00000000000000000e+00
1 16 1.00000000000000000e+00
99 16 -1.00000000000000000e+00
2 17 -1.00000000000000000e+00
112 17 1.00000000000000000e+00
2 18 1.00000000000000000e+00
112 18 -1.00000000000000000e+00
10 19 1.00000000000000000e+00
16 19 -1.00000000000000000e+00
3 20 -1.00000000000000000e+00
15 20 1.00000000000000000e+00
3 21 1.00000000000000000e+00
15 21 -1.00000000000000000e+00
10 22 1.00000000000000000e+00
118 22 -1.00000000000000000e+00
10 23 1.00000000000000000e+00
109 23 -1.00000000000000000e+00
5 24 -1.00000000000000000e+00
31 24 1.00000000000000000e+00
5 25 1.00000000000000000e+00
31 25 -1.00000000000000000e+00
2 26 -1.00000000000000000e+00
89 26 1.00000000000000000e+00
2 27 1.00000000000000000e+00
89 27 -1.00000000000000000e+00
5 28 -1.00000000000000000e+00
34 28 1.00000000000000000e+00
5 29 1.00000000000000000e+00
34 29 -1.00000000000000000e+00
2 30 -1.00000000000000000e+00
88 30 1.00000000000000000e+00
2 31 1.00000000000000000e+00
88 31 -1.00000000000000000e+00
3 32 -1.00000000000000000e+00
17 32 1.00000000000000000e+00
4 33 -1.00000000000000000e+00
89 33 1.00000000000000000e+00
3 34 1.00000000000000000e+00
17 34 -1.00000000000000000e+00
4 35 1.00000000000000000e+00
89 35 -1.00000000000000000e+00
5 36 -1.00000000000000000e+00
12 36 1.00000000000000000e+00
5 37 1.00000000000000000e+00
12 37 -1.00000000000000000e+00
2 38 -1.00000000000000000e+00
85 38 1.00000000000000000e+00
2 39 1.00000000000000000e+00
85 39 -1.00000000000000000e+00
4 40 -1.00000000000000000e+00
130 40 1.00000000000000000e+00
10 41 1.00000000000000000e+00
19 41 -1.00000000000000000e+00
4 42 1.00000000000000000e+00
130 42 -1.00000000000000000e+00
1 43 1.00000000000000000e+00
25 43 -1.00000000000000000e+00
3 44 -1.00000000000000000e+00
13 44 1.00000000000000000e+00
3 45 1.00000000000000000e+00
13 45 -1.00000000000000000e+00
1 46 1.00000000000000000e+00
22 46 -1.00000000000000000e+00
10 47 1.00000000000000000e+00
15 47 -1.00000000000000000e+00
1 48 1.00000000000000000e+00
26 48 -1.00000000000000000e+00
10 49 1.00000000000000000e+00
112 49 -1.00000000000000000e+00
3 50 -1.00000000000000000e+00
36 50 1.00000000000000000e+00
3 51 1.00000000000000000e+00
36 51 -1.00000000000000000e+00
10 52 1.00000000000000000e+00
17 52 -1.00000000000000000e+00
4 53 -1.00000000000000000e+00
99 53 1.00000000000000000e+00
4 54 1.00000000000000000e+00
99 54 -1.00000000000000000e+00
3 55 -1.00000000000000000e+00
34 55 1.00000000000000000e+00
3 56 1.00000000000000000e+00
34 56 -1.00000000000000000e+00
5 57 -1.00000000000000000e+00
130 57 1.00000000000000000e+00
5 58 1.00000000000000000e+00
130 58 -1.00000000000000000e+00
5 59 -1.00000000000000000e+00
30 59 1.00000000000000000e+00
5 60 1.00000000000000000e+00
30 60 -1.00000000000000000e+00
10 61 1.00000000000000000e+00
88 61 -1.00000000000000000e+00
2 62 -1.00000000000000000e+00
91 62 1.00000000000000000e+00
2 63 1.00000000000000000e+00
91 63 -1.00000000000000000e+00
3 64 -1.00000000000000000e+00
16 64 1.00000000000000000e+00
3 65 1.00000000000000000e+00
16 65 -1.00000000000000000e+00
5 66 -1.00000000000000000e+00
129 66 1.00000000000000000e+00
5 67 1.00000000000000000e+00
129 67 -1.00000000000000000e+00
2 68 -1.00000000000000000e+00
86 68 1.00000000000000000e+00
2 69 1.00000000000000000e+00
86 69 -1.00000000000000000e+00
3 70 -1.00000000000000000e+00
35 70 1.00000000000000000e+00
3 71 1.00000000000000000e+00
35 71 -1.00000000000000000e+00
3 72 -1.00000000000000000e+00
12 72 1.00000000000000000e+00
3 73 1.00000000000000000e+00
12 73 -1.00000000000000000e+00
2 74 -1.00000000000000000e+00
109 74 1.00000000000000000e+00
2 75 1.00000000000000000e+00
109 75 -1.00000000000000000e+00
2 76 -1.00000000000000000e+00
17 76 1.00000000000000000e+00
2 77 1.00000000000000000e+00
17 77 -1.00000000000000000e+00
2 78 -1.00000000000000000e+00
90 78 1.00000000000000000e+00
4 79 -1.00000000000000000e+00
34 79 1.00000000000000000e+00
4 80 1.00000000000000000e+00
34 80 -1.00000000000000000e+00
2 81 1.00000000000000000e+00
90 81 -1.00000000000000000e+00
3 82 -1.00000000000000000e+00
89 82 1.00000000000000000e+00
3 83 1.00000000000000000e+00
89 83 -1.00000000000000000e+00
5 84 -1.00000000000000000e+00
33 84 1.00000000000000000e+00
5 85 1.00000000000000000e+00
33 85 -1.00000000000000000e+00
4 86 -1.00000000000000000e+00
91 86 1.00000000000000000e+00
4 87 1.00000000000000000e+00
91 87 -1.00000000000000000e+00
3 88 -1.00000000000000000e+00
111 88 1.00000000000000000e+00
3 89 1.00000000000000000e+00
111 89 -1.00000000000000000e+00
2 90 -1.00000000000000000e+00
19 90 1.00000000000000000e+00
2 91 1.00000000000000000e+00
19 91 -1.00000000000000000e+00
2 92 -1.00000000000000000e+00
84 92 1.00000000000000000e+00
2 93 1.00000000000000000e+00
84 93 -1.00000000000000000e+00
1 94 1.00000000000000000e+00
32 94 -1.00000000000000000e+00
2 95 -1.00000000000000000e+00
15 95 1.00000000000000000e+00
2 96 1.00000000000000000e+00
15 96 -1.00000000000000000e+00
5 97 -1.00000000000000000e+00
36 97 1.00000000000000000e+00
5 98 1.00000000000000000e+00
36 98 -1.00000000000000000e+00
10 99 1.00000000000000000e+00
90 99 -1.00000000000000000e+00
4 100 -1.00000000000000000e+00
87 100 1.00000000000000000e+00
4 101 1.00000000000000000e+00
87 101 -1.00000000000000000e+00
10 102 1.00000000000000000e+00
87 102 -1.00000000000000000e+00
1 103 1.00000000000000000e+00
24 103 -1.00000000000000000e+00
3 104 -1.00000000000000000e+00
19 104 1.00000000000000000e+00
3 105 1.00000000000000000e+00
19 105 -1.00000000000000000e+00
4 106 -1.00000000000000000e+00
32 106 1.00000000000000000e+00
4 107 1.00000000000000000e+00
32 107 -1.00000000000000000e+00
5 108 -1.00000000000000000e+00
99 108 1.00000000000000000e+00
5 109 1.00000000000000000e+00
99 109 -1.00000000000000000e+00
4 110 -1.00000000000000000e+00
17 110 1.00000000000000000e+00
4 111 1.00000000000000000e+00
17 111 -1.00000000000000000e+00
4 112 -1.00000000000000000e+00
129 112 1.00000000000000000e+00
4 113 1.00000000000000000e+00
129 113 -1.00000000000000000e+00
5 114 -1.00000000000000000e+00
13 114 1.00000000000000000e+00
5 115 1.00000000000000000e+00
13 115 -1.00000000000000000e+00
2 116 -1.00000000000000000e+00
92 116 1.00000000000000000e+00
2 117 1.00000000000000000e+00
92 117 -1.00000000000000000e+00
1 118 1.00000000000000000e+00
129 118 -1.00000000000000000e+00
3 119 -1.00000000000000000e+00
14 119 1.00000000000000000e+00
3 120 1.00000000000000000e+00
14 120 -1.00000000000000000e+00
2 121 -1.00000000000000000e+00
16 121 1.00000000000000000e+00
5 122 -1.00000000000000000e+00
25 122 1.00000000000000000e+00
2 123 1.00000000000000000e+00
16 123 -1.00000000000000000e+00
5 124 1.00000000000000000e+00
25 124 -1.00000000000000000e+00
2 125 -1.00000000000000000e+00
20 125 1.00000000000000000e+00
2 126 1.00000000000000000e+00
20 126 -1.00000000000000000e+00
3 127 -1.00000000000000000e+00
87 127 1.00000000000000000e+00
3 128 1.00000000000000000e+00
87 128 -1.00000000000000000e+00
3 129 -1.00000000000000000e+00
130 129 1.00000000000000000e+00
4 130 -1.00000000000000000e+00
12 130 1.00000000000000000e+00
4 131 1.00000000000000000e+00
12 131 -1.00000000000000000e+00
3 132 1.00000000000000000e+00
130 132 -1.00000000000000000e+00
3 133 -1.00000000000000000e+00
32 133 1.00000000000000000e+00
3 134 1.00000000000000000e+00
32 134 -1.00000000000000000e+00
4 135 -1.00000000000000000e+00
15 135 1.00000000000000000e+00
4 136 1.00000000000000000e+00
15 136 -1.00000000000000000e+00
4 137 -1.00000000000000000e+00
36 137 1.00000000000000000e+00
1 138 1.00000000000000000e+00
12 138 -1.00000000000000000e+00
4 139 1.00000000000000000e+00
36 139 -1.00000000000000000e+00
2 140 -1.00000000000000000e+00
18 140 1.00000000000000000e+00
2 141 1.00000000000000000e+00
18 141 -1.00000000000000000e+00
5 142 -1.00000000000000000e+00
35 142 1.00000000000000000e+00
5 143 1.00000000000000000e+00
35 143 -1.00000000000000000e+00
1 144 1.00000000000000000e+00
130 144 -1.00000000000000000e+00
2 145 -1.00000000000000000e+00
118 145 1.00000000000000000e+00
2 146 1.00000000000000000e+00
118 146 -1.00000000000000000e+00
3 147 -1.00000000000000000e+00
91 147 1.00000000000000000e+00
3 148 1.00000000000000000e+00
91 148 -1.00000000000000000e+00
3 149 -1.00000000000000000e+00
33 149 1.00000000000000000e+00
3 150 1.00000000000000000e+00
33 150 -1.00000000000000000e+00
4 151 -1.00000000000000000e+00
128 151 1.00000000000000000e+00
4 152 1.00000000000000000e+00
128 152 -1.00000000000000000e+00
10 153 1.00000000000000000e+00
107 153 -1.00000000000000000e+00
4 154 -1.00000000000000000e+00
84 154 1.00000000000000000e+00
4 155 1.00000000000000000e+00
84 155 -1.00000000000000000e+00
1 156 1.00000000000000000e+00
31 156 -1.00000000000000000e+00
5 157 -1.00000000000000000e+00
22 157 1.00000000000000000e+00
5 158 1.00000000000000000e+00
22 158 -1.00000000000000000e+00
1 159 1.00000000000000000e+00
30 159 -1.00000000000000000e+00
4 160 -1.00000000000000000e+00
13 160 1.00000000000000000e+00
4 161 1.00000000000000000e+00
13 161 -1.00000000000000000e+00
2 162 -1.00000000000000000e+00
110 162 1.00000000000000000e+00
2 163 1.00000000000000000e+00
110 163 -1.00000000000000000e+00
10 164 1.00000000000000000e+00
92 164 -1.00000000000000000e+00
10 165 1.00000000000000000e+00
13 165 -1.00000000000000000e+00
10 166 1.00000000000000000e+00
89 166 -1.00000000000000000e+00
3 167 -1.00000000000000000e+00
118 167 1.00000000000000000e+00
3 168 1.00000000000000000e+00
118 168 -1.00000000000000000e+00
3 169 -1.00000000000000000e+00
112 169 1.00000000000000000e+00
3 170 1.00000000000000000e+00
112 170 -1.00000000000000000e+00
3 171 -1.00000000000000000e+00
18 171 1.00000000000000000e+00
3 172 1.00000000000000000e+00
18 172 -1.00000000000000000e+00
5 173 -1.00000000000000000e+00
15 173 1.00000000000000000e+00
5 174 1.00000000000000000e+00
15 174 -1.00000000000000000e+00
5 175 -1.00000000000000000e+00
28 175 1.00000000000000000e+00
5 176 1.00000000000000000e+00
28 176 -1.00000000000000000e+00
4 177 -1.00000000000000000e+00
85 177 1.00000000000000000e+00
4 178 1.00000000000000000e+00
85 178 -1.00000000000000000e+00
10 179 1.00000000000000000e+00
85 179 -1.00000000000000000e+00
5 180 -1.00000000000000000e+00
17 180 1.00000000000000000e+00
5 181 1.00000000000000000e+00
17 181 -1.00000000000000000e+00
3 182 -1.00000000000000000e+00
31 182 1.00000000000000000e+00
3 183 1.00000000000000000e+00
31 183 -1.00000000000000000e+00
10 184 1.00000000000000000e+00
86 184 -1.00000000000000000e+00
3 185 -1.00000000000000000e+00
20 185 1.00000000000000000e+00
3 186 1.00000000000000000e+00
20 186 -1.00000000000000000e+00
4 187 -1.00000000000000000e+00
31 187 1.00000000000000000e+00
4 188 1.00000000000000000e+00
31 188 -1.00000000000000000e+00
10 189 1.00000000000000000e+00
110 189 -1.00000000000000000e+00
10 190 1.00000000000000000e+00
14 190 -1.00000000000000000e+00
10 191 1.00000000000000000e+00
91 191 -1.00000000000000000e+00
2 192 -1.00000000000000000e+00
36 192 1.00000000000000000e+00
2 193 1.00000000000000000e+00
36 193 -1.00000000000000000e+00
3 194 -1.00000000000000000e+00
128 194 1.00000000000000000e+00
3 195 1.00000000000000000e+00
128 195 -1.00000000000000000e+00
1 196 1.00000000000000000e+00
28 196 -1.00000000000000000e+00
1 197 1.00000000000000000e+00
34 197 -1.00000000000000000e+00
3 198 -1.00000000000000000e+00
85 198 1.00000000000000000e+00
3 199 1.00000000000000000e+00
85 199 -1.00000000000000000e+00
2 200 -1.00000000000000000e+00
130 200 1.00000000000000000e+00
2 201 1.00000000000000000e+00
130 201 -1.00000000000000000e+00
2 202 -1.00000000000000000e+00
13 202 1.00000000000000000e+00
2 203 1.00000000000000000e+00
13 203 -1.00000000000000000e+00
4 204 -1.00000000000000000e+00
35 204 1.00000000000000000e+00
4 205 1.00000000000000000e+00
35 205 -1.00000000000000000e+00
2 206 1.00000000000000000e+00
3 206 -1.00000000000000000e+00
2 207 -1.00000000000000000e+00
128 207 1.00000000000000000e+00
3 208 -1.00000000000000000e+00
88 208 1.00000000000000000e+00
3 209 1.00000000000000000e+00
88 209 -1.00000000000000000e+00
2 210 1.00000000000000000e+00
128 210 -1.00000000000000000e+00
5 211 -1.00000000000000000e+00
11 211 1.00000000000000000e+00
5 212 1.00000000000000000e+00
11 212 -1.00000000000000000e+00
1 213 1.00000000000000000e+00
21 213 -1.00000000000000000e+00
1 214 1.00000000000000000e+00
98 214 -1.00000000000000000e+00
5 215 -1.00000000000000000e+00
9 215 1.00000000000000000e+00
5 216 1.00000000000000000e+00
9 216 -1.00000000000000000e+00
5 217 -1.00000000000000000e+00
89 217 1.00000000000000000e+00
5 218 1.00000000000000000e+00
89 218 -1.00000000000000000e+00
4 219 -1.00000000000000000e+00
19 219 1.00000000000000000e+00
4 220 1.00000000000000000e+00
19 220 -1.00000000000000000e+00
4 221 -1.00000000000000000e+00
33 221 1.00000000000000000e+00
4 222 1.00000000000000000e+00
33 222 -1.00000000000000000e+00
3 223 -1.00000000000000000e+00
84 223 1.00000000000000000e+00
3 224 1.00000000000000000e+00
84 224 -1.00000000000000000e+00
5 225 -1.00000000000000000e+00
128 225 1.00000000000000000e+00
5 226 1.00000000000000000e+00
128 226 -1.00000000000000000e+00
10 227 1.00000000000000000e+00
108 227 -1.00000000000000000e+00
1 228 1.00000000000000000e+00
27 228 -1.00000000000000000e+00
1 229 1.00000000000000000e+00
11 229 -1.00000000000000000e+00
3 230 -1.00000000000000000e+00
92 230 1.00000000000000000e+00
3 231 1.00000000000000000e+00
92 231 -1.00000000000000000e+00
1 232 1.00000000000000000e+00
89 232 -1.00000000000000000e+00
10 233 1.00000000000000000e+00
117 233 -1.00000000000000000e+00
2 234 -1.00000000000000000e+00
107 234 1.00000000000000000e+00
2 235 1.00000000000000000e+00
107 235 -1.00000000000000000e+00
5 236 -1.00000000000000000e+00
26 236 1.00000000000000000e+00
5 237 1.00000000000000000e+00
26 237 -1.00000000000000000e+00
3 238 -1.00000000000000000e+00
129 238 1.00000000000000000e+00
3 239 1.00000000000000000e+00
129 239 -1.00000000000000000e+00
2 240 -1.00000000000000000e+00
34 240 1.00000000000000000e+00
5 241 -1.00000000000000000e+00
127 241 1.00000000000000000e+00
2 242 1.00000000000000000e+00
34 242 -1.00000000000000000e+00
5 243 1.00000000000000000e+00
127 243 -1.00000000000000000e+00
4 244 -1.00000000000000000e+00
92 244 1.00000000000000000e+00
4 245 1.00000000000000000e+00
92 245 -1.00000000000000000e+00
4 246 -1.00000000000000000e+00
88 246 1.00000000000000000e+00
10 247 1.00000000000000000e+00
36 247 -1.00000000000000000e+00
4 248 1.00000000000000000e+00
88 248 -1.00000000000000000e+00
1 249 1.00000000000000000e+00
80 249 -1.00000000000000000e+00
5 250 -1.00000000000000000e+00
14 250 1.00000000000000000e+00
5 251 1.00000000000000000e+00
14 251 -1.00000000000000000e+00
3 252 -1.00000000000000000e+00
109 252 1.00000000000000000e+00
4 253 -1.00000000000000000e+00
111 253 1.00000000000000000e+00
3 254 1.00000000000000000e+00
109 254 -1.00000000000000000e+00
4 255 1.00000000000000000e+00
111 255 -1.00000000000000000e+00
2 256 -1.00000000000000000e+00
35 256 1.00000000000000000e+00
2 257 1.00000000000000000e+00
35 257 -1.00000000000000000e+00
5 258 -1.00000000000000000e+00
24 258 1.00000000000000000e+00
5 259 1.00000000000000000e+00
24 259 -1.00000000000000000e+00
3 260 -1.00000000000000000e+00
90 260 1.00000000000000000e+00
3 261 1.00000000000000000e+00
90 261 -1.00000000000000000e+00
2 262 -1.00000000000000000e+00
14 262 1.00000000000000000e+00
2 263 1.00000000000000000e+00
14 263 -1.00000000000000000e+00
2 264 -1.00000000000000000e+00
108 264 1.00000000000000000e+00
2 265 1.00000000000000000e+00
108 265 -1.00000000000000000e+00
4 266 -1.00000000000000000e+00
16 266 1.00000000000000000e+00
4 267 -1.00000000000000000e+00
112 267 1.00000000000000000e+00
4 268 1.00000000000000000e+00
16 268 -1.00000000000000000e+00
4 269 1.00000000000000000e+00
112 269 -1.00000000000000000e+00
10 270 1.00000000000000000e+00
35 270 -1.00000000000000000e+00
5 271 -1.00000000000000000e+00
91 271 1.00000000000000000e+00
5 272 1.00000000000000000e+00
91 272 -1.00000000000000000e+00
1 273 1.00000000000000000e+00
13 273 -1.00000000000000000e+00
1 274 1.00000000000000000e+00
33 274 -1.00000000000000000e+00
4 275 -1.00000000000000000e+00
14 275 1.00000000000000000e+00
4 276 1.00000000000000000e+00
14 276 -1.00000000000000000e+00
1 277 1.00000000000000000e+00
91 277 -1.00000000000000000e+00
1 278 1.00000000000000000e+00
96 278 -1.00000000000000000e+00
1 279 1.00000000000000000e+00
17 279 -1.00000000000000000e+00
4 280 -1.00000000000000000e+00
30 280 1.00000000000000000e+00
4 281 1.00000000000000000e+00
30 281 -1.00000000000000000e+00
4 282 -1.00000000000000000e+00
98 282 1.00000000000000000e+00
4 283 1.00000000000000000e+00
98 283 -1.00000000000000000e+00
10 284 1.00000000000000000e+00
106 284 -1.00000000000000000e+00
10 285 1.00000000000000000e+00
84 285 -1.00000000000000000e+00
3 286 -1.00000000000000000e+00
99 286 1.00000000000000000e+00
3 287 1.00000000000000000e+00
99 287 -1.00000000000000000e+00
4 288 -1.00000000000000000e+00
127 288 1.00000000000000000e+00
4 289 1.00000000000000000e+00
127 289 -1.00000000000000000e+00
1 290 1.00000000000000000e+00
9 290 -1.00000000000000000e+00
2 291 -1.00000000000000000e+00
12 291 1.00000000000000000e+00
2 292 1.00000000000000000e+00
12 292 -1.00000000000000000e+00
3 293 -1.00000000000000000e+00
86 293 1.00000000000000000e+00
3 294 1.00000000000000000e+00
86 294 -1.00000000000000000e+00
1 295 1.00000000000000000e+00
23 295 -1.00000000000000000e+00
5 296 -1.00000000000000000e+00
21 296 1.00000000000000000e+00
5 297 1.00000000000000000e+00
21 297 -1.00000000000000000e+00
1 298 1.00000000000000000e+00
127 298 -1.00000000000000000e+00
4 299 -1.00000000000000000e+00
90 299 1.00000000000000000e+00
4 300 1.00000000000000000e+00
90 300 -1.00000000000000000e+00
10 301 1.00000000000000000e+00
55 301 -1.00000000000000000e+00
1 302 1.00000000000000000e+00
36 302 -1.00000000000000000e+00
10 303 1.00000000000000000e+00
12 303 -1.00000000000000000e+00
3 304 -1.00000000000000000e+00
30 304 1.00000000000000000e+00
3 305 1.00000000000000000e+00
30 305 -1.00000000000000000e+00
4 306 -1.00000000000000000e+00
126 306 1.00000000000000000e+00
4 307 1.00000000000000000e+00
126 307 -1.00000000000000000e+00
4 308 -1.00000000000000000e+00
86 308 1.00000000000000000e+00
4 309 1.00000000000000000e+00
86 309 -1.00000000000000000e+00
3 310 -1.00000000000000000e+00
9 310 1.00000000000000000e+00
3 311 1.00000000000000000e+00
9 311 -1.00000000000000000e+00
1 312 1.00000000000000000e+00
15 312 -1.00000000000000000e+00
5 313 -1.00000000000000000e+00
16 313 1.00000000000000000e+00
5 314 1.00000000000000000e+00
16 314 -1.00000000000000000e+00
5 315 -1.00000000000000000e+00
19 315 1.00000000000000000e+00
5 316 1.00000000000000000e+00
19 316 -1.00000000000000000e+00
5 317 -1.00000000000000000e+00
87 317 1.00000000000000000e+00
5 318 1.00000000000000000e+00
87 318 -1.00000000000000000e+00
2 319 -1.00000000000000000e+00
82 319 1.00000000000000000e+00
2 320 1.00000000000000000e+00
82 320 -1.00000000000000000e+00
1 321 1.00000000000000000e+00
128 321 -1.00000000000000000e+00
3 322 -1.00000000000000000e+00
117 322 1.00000000000000000e+00
4 323 -1.00000000000000000e+00
20 323 1.00000000000000000e+00
4 324 1.00000000000000000e+00
20 324 -1.00000000000000000e+00
3 325 1.00000000000000000e+00
117 325 -1.00000000000000000e+00
5 326 -1.00000000000000000e+00
98 326 1.00000000000000000e+00
5 327 1.00000000000000000e+00
98 327 -1.00000000000000000e+00
3 328 -1.00000000000000000e+00
126 328 1.00000000000000000e+00
3 329 1.00000000000000000e+00
126 329 -1.00000000000000000e+00
1 330 1.00000000000000000e+00
102 330 -1.00000000000000000e+00
2 331 -1.00000000000000000e+00
32 331 1.00000000000000000e+00
2 332 1.00000000000000000e+00
32 332 -1.00000000000000000e+00
10 333 1.00000000000000000e+00
34 333 -1.00000000000000000e+00
2 334 -1.00000000000000000e+00
99 334 1.00000000000000000e+00
2 335 1.00000000000000000e+00
99 335 -1.00000000000000000e+00
4 336 -1.00000000000000000e+00
9 336 1.00000000000000000e+00
4 337 1.00000000000000000e+00
9 337 -1.00000000000000000e+00
2 338 -1.00000000000000000e+00
129 338 1.00000000000000000e+00
2 339 1.00000000000000000e+00
129 339 -1.00000000000000000e+00
5 340 -1.00000000000000000e+00
84 340 1.00000000000000000e+00
5 341 1.00000000000000000e+00
84 341 -1.00000000000000000e+00
1 342 1.00000000000000000e+00
35 342 -1.00000000000000000e+00
2 343 -1.00000000000000000e+00
33 343 1.00000000000000000e+00
2 344 1.00000000000000000e+00
33 344 -1.00000000000000000e+00
4 345 -1.00000000000000000e+00
25 345 1.00000000000000000e+00
4 346 1.00000000000000000e+00
25 346 -1.00000000000000000e+00
3 347 -1.00000000000000000e+00
110 347 1.00000000000000000e+00
3 348 1.00000000000000000e+00
110 348 -1.00000000000000000e+00
4 349 -1.00000000000000000e+00
18 349 1.00000000000000000e+00
4 350 1.00000000000000000e+00
18 350 -1.00000000000000000e+00
2 351 -1.00000000000000000e+00
117 351 1.00000000000000000e+00
2 352 1.00000000000000000e+00
117 352 -1.00000000000000000e+00
5 353 -1.00000000000000000e+00
126 353 1.00000000000000000e+00
5 354 1.00000000000000000e+00
126 354 -1.00000000000000000e+00
4 355 -1.00000000000000000e+00
22 355 1.00000000000000000e+00
4 356 1.00000000000000000e+00
22 356 -1.00000000000000000e+00
5 357 -1.00000000000000000e+00
125 357 1.00000000000000000e+00
5 358 1.00000000000000000e+00
125 358 -1.00000000000000000e+00
2 359 -1.00000000000000000e+00
126 359 1.00000000000000000e+00
2 360 1.00000000000000000e+00
126 360 -1.00000000000000000e+00
3 361 -1.00000000000000000e+00
127 361 1.00000000000000000e+00
1 362 1.00000000000000000e+00
87 362 -1.00000000000000000e+00
3 363 1.00000000000000000e+00
127 363 -1.00000000000000000e+00
4 364 -1.00000000000000000e+00
82 364 1.00000000000000000e+00
4 365 1.00000000000000000e+00
82 365 -1.00000000000000000e+00
4 366 -1.00000000000000000e+00
125 366 1.00000000000000000e+00
4 367 1.00000000000000000e+00
125 367 -1.00000000000000000e+00
10 368 1.00000000000000000e+00
128 368 -1.00000000000000000e+00
4 369 -1.00000000000000000e+00
11 369 1.00000000000000000e+00
4 370 1.00000000000000000e+00
11 370 -1.00000000000000000e+00
10 371 1.00000000000000000e+00
48 371 -1.00000000000000000e+00
4 372 -1.00000000000000000e+00
96 372 1.00000000000000000e+00
4 373 1.00000000000000000e+00
96 373 -1.00000000000000000e+00
1 374 1.00000000000000000e+00
84 374 -1.00000000000000000e+00
10 375 1.00000000000000000e+00
33 375 -1.00000000000000000e+00
4 376 -1.00000000000000000e+00
118 376 1.00000000000000000e+00
4 377 1.00000000000000000e+00
118 377 -1.00000000000000000e+00
4 378 -1.00000000000000000e+00
28 378 1.00000000000000000e+00
4 379 1.00000000000000000e+00
28 379 -1.00000000000000000e+00
10 380 1.00000000000000000e+00
69 380 -1.00000000000000000e+00
5 381 -1.00000000000000000e+00
85 381 1.00000000000000000e+00
5 382 1.00000000000000000e+00
85 382 -1.00000000000000000e+00
10 383 1.00000000000000000e+00
115 383 -1.00000000000000000e+00
2 384 -1.00000000000000000e+00
31 384 1.00000000000000000e+00
2 385 1.00000000000000000e+00
31 385 -1.00000000000000000e+00
1 386 -1.00000000000000000e+00
2 386 1.00000000000000000e+00
1 387 1.00000000000000000e+00
2 387 -1.00000000000000000e+00
10 388 1.00000000000000000e+00
130 388 -1.00000000000000000e+00
5 389 -1.00000000000000000e+00
29 389 1.00000000000000000e+00
5 390 1.00000000000000000e+00
29 390 -1.00000000000000000e+00
10 391 1.00000000000000000e+00
53 391 -1.00000000000000000e+00
5 392 -1.00000000000000000e+00
96 392 1.00000000000000000e+00
5 393 1.00000000000000000e+00
96 393 -1.00000000000000000e+00
2 394 -1.00000000000000000e+00
106 394 1.00000000000000000e+00
2 395 1.00000000000000000e+00
106 395 -1.00000000000000000e+00
3 396 -1.00000000000000000e+00
11 396 1.00000000000000000e+00
3 397 1.00000000000000000e+00
11 397 -1.00000000000000000e+00
5 398 -1.00000000000000000e+00
23 398 1.00000000000000000e+00
5 399 1.00000000000000000e+00
23 399 -1.00000000000000000e+00
5 400 -1.00000000000000000e+00
92 400 1.00000000000000000e+00
5 401 1.00000000000000000e+00
92 401 -1.00000000000000000e+00
4 402 -1.00000000000000000e+00
26 402 1.00000000000000000e+00
4 403 1.00000000000000000e+00
26 403 -1.00000000000000000e+00
3 404 -1.00000000000000000e+00
125 404 1.00000000000000000e+00
3 405 1.00000000000000000e+00
125 405 -1.00000000000000000e+00
3 406 -1.00000000000000000e+00
107 406 1.00000000000000000e+00
3 407 1.00000000000000000e+00
107 407 -1.00000000000000000e+00
1 408 1.00000000000000000e+00
95 408 -1.00000000000000000e+00
4 409 -1.00000000000000000e+00
109 409 1.00000000000000000e+00
4 410 1.00000000000000000e+00
109 410 -1.00000000000000000e+00
1 411 1.00000000000000000e+00
29 411 -1.00000000000000000e+00
5 412 -1.00000000000000000e+00
111 412 1.00000000000000000e+00
5 413 1.00000000000000000e+00
111 413 -1.00000000000000000e+00
1 414 1.00000000000000000e+00
19 414 -1.00000000000000000e+00
1 415 1.00000000000000000e+00
14 415 -1.00000000000000000e+00
5 416 -1.00000000000000000e+00
27 416 1.00000000000000000e+00
5 417 1.00000000000000000e+00
27 417 -1.00000000000000000e+00
4 418 -1.00000000000000000e+00
83 418 1.00000000000000000e+00
4 419 1.00000000000000000e+00
83 419 -1.00000000000000000e+00
1 420 1.00000000000000000e+00
85 420 -1.00000000000000000e+00
1 421 1.00000000000000000e+00
78 421 -1.00000000000000000e+00
4 422 -1.00000000000000000e+00
110 422 1.00000000000000000e+00
4 423 1.00000000000000000e+00
110 423 -1.00000000000000000e+00
5 424 -1.00000000000000000e+00
20 424 1.00000000000000000e+00
5 425 1.00000000000000000e+00
20 425 -1.00000000000000000e+00
10 426 1.00000000000000000e+00
32 426 -1.00000000000000000e+00
3 427 -1.00000000000000000e+00
82 427 1.00000000000000000e+00
3 428 1.00000000000000000e+00
82 428 -1.00000000000000000e+00
5 429 -1.00000000000000000e+00
18 429 1.00000000000000000e+00
5 430 1.00000000000000000e+00
18 430 -1.00000000000000000e+00
5 431 -1.00000000000000000e+00
80 431 1.00000000000000000e+00
5 432 1.00000000000000000e+00
80 432 -1.00000000000000000e+00
2 433 -1.00000000000000000e+00
64 433 1.00000000000000000e+00
2 434 1.00000000000000000e+00
64 434 -1.00000000000000000e+00
2 435 -1.00000000000000000e+00
83 435 1.00000000000000000e+00
2 436 1.00000000000000000e+00
83 436 -1.00000000000000000e+00
1 437 1.00000000000000000e+00
125 437 -1.00000000000000000e+00
1 438 1.00000000000000000e+00
92 438 -1.00000000000000000e+00
5 439 -1.00000000000000000e+00
112 439 1.00000000000000000e+00
5 440 1.00000000000000000e+00
112 440 -1.00000000000000000e+00
3 441 -1.00000000000000000e+00
28 441 1.00000000000000000e+00
3 442 1.00000000000000000e+00
28 442 -1.00000000000000000e+00
5 443 -1.00000000000000000e+00
88 443 1.00000000000000000e+00
5 444 1.00000000000000000e+00
88 444 -1.00000000000000000e+00
3 445 -1.00000000000000000e+00
108 445 1.00000000000000000e+00
3 446 1.00000000000000000e+00
108 446 -1.00000000000000000e+00
4 447 -1.00000000000000000e+00
24 447 1.00000000000000000e+00
4 448 1.00000000000000000e+00
24 448 -1.00000000000000000e+00
1 449 1.00000000000000000e+00
126 449 -1.00000000000000000e+00
5 450 -1.00000000000000000e+00
118 450 1.00000000000000000e+00
5 451 1.00000000000000000e+00
118 451 -1.00000000000000000e+00
1 452 1.00000000000000000e+00
123 452 -1.00000000000000000e+00
10 453 1.00000000000000000e+00
31 453 -1.00000000000000000e+00
2 454 -1.00000000000000000e+00
69 454 1.00000000000000000e+00
2 455 1.00000000000000000e+00
69 455 -1.00000000000000000e+00
4 456 -1.00000000000000000e+00
95 456 1.00000000000000000e+00
4 457 1.00000000000000000e+00
95 457 -1.00000000000000000e+00
4 458 -1.00000000000000000e+00
21 458 1.00000000000000000e+00
4 459 1.00000000000000000e+00
21 459 -1.00000000000000000e+00
5 460 -1.00000000000000000e+00
122 460 1.00000000000000000e+00
5 461 1.00000000000000000e+00
122 461 -1.00000000000000000e+00
5 462 -1.00000000000000000e+00
102 462 1.00000000000000000e+00
5 463 1.00000000000000000e+00
102 463 -1.00000000000000000e+00
1 464 1.00000000000000000e+00
74 464 -1.00000000000000000e+00
2 465 -1.00000000000000000e+00
127 465 1.00000000000000000e+00
2 466 1.00000000000000000e+00
127 466 -1.00000000000000000e+00
5 467 -1.00000000000000000e+00
95 467 1.00000000000000000e+00
5 468 1.00000000000000000e+00
95 468 -1.00000000000000000e+00
1 469 1.00000000000000000e+00
43 469 -1.00000000000000000e+00
3 470 -1.00000000000000000e+00
22 470 1.00000000000000000e+00
3 471 1.00000000000000000e+00
22 471 -1.00000000000000000e+00
10 472 1.00000000000000000e+00
104 472 -1.00000000000000000e+00
3 473 -1.00000000000000000e+00
98 473 1.00000000000000000e+00
3 474 1.00000000000000000e+00
98 474 -1.00000000000000000e+00
4 475 -1.00000000000000000e+00
80 475 1.00000000000000000e+00
4 476 1.00000000000000000e+00
80 476 -1.00000000000000000e+00
1 477 1.00000000000000000e+00
16 477 -1.00000000000000000e+00
10 478 1.00000000000000000e+00
82 478 -1.00000000000000000e+00
10 479 1.00000000000000000e+00
105 479 -1.00000000000000000e+00
1 480 1.00000000000000000e+00
101 480 -1.00000000000000000e+00
3 481 -1.00000000000000000e+00
25 481 1.00000000000000000e+00
3 482 1.00000000000000000e+00
25 482 -1.00000000000000000e+00
2 483 -1.00000000000000000e+00
125 483 1.00000000000000000e+00
2 484 1.00000000000000000e+00
125 484 -1.00000000000000000e+00
5 485 -1.00000000000000000e+00
123 485 1.00000000000000000e+00
5 486 1.00000000000000000e+00
123 486 -1.00000000000000000e+00
1 487 1.00000000000000000e+00
97 487 -1.00000000000000000e+00
1 488 1.00000000000000000e+00
122 488 -1.00000000000000000e+00
4 489 -1.00000000000000000e+00
94 489 1.00000000000000000e+00
4 490 1.00000000000000000e+00
94 490 -1.00000000000000000e+00
5 491 -1.00000000000000000e+00
90 491 1.00000000000000000e+00
5 492 1.00000000000000000e+00
90 492 -1.00000000000000000e+00
2 493 -1.00000000000000000e+00
9 493 1.00000000000000000e+00
2 494 1.00000000000000000e+00
9 494 -1.00000000000000000e+00
4 495 -1.00000000000000000e+00
41 495 1.00000000000000000e+00
4 496 1.00000000000000000e+00
41 496 -1.00000000000000000e+00
1 497 1.00000000000000000e+00
41 497 -1.00000000000000000e+00
10 498 1.00000000000000000e+00
114 498 -1.00000000000000000e+00
10 499 1.00000000000000000e+00
39 499 -1.00000000000000000e+00
1 500 1.00000000000000000e+00
72 500 -1.00000000000000000e+00
10 501 1.00000000000000000e+00
126 501 -1.00000000000000000e+00
1 502 1.00000000000000000e+00
94 502 -1.00000000000000000e+00
2 503 -1.00000000000000000e+00
98 503 1.00000000000000000e+00
2 504 1.00000000000000000e+00
98 504 -1.00000000000000000e+00
5 505 -1.00000000000000000e+00
41 505 1.00000000000000000e+00
5 506 1.00000000000000000e+00
41 506 -1.00000000000000000e+00
3 507 -1.00000000000000000e+00
41 507 1.00000000000000000e+00
3 508 1.00000000000000000e+00
41 508 -1.00000000000000000e+00
9 509 -1.00000000000000000e+00
10 509 1.00000000000000000e+00
10 510 1.00000000000000000e+00
47 510 -1.00000000000000000e+00
10 511 1.00000000000000000e+00
52 511 -1.00000000000000000e+00
2 512 -1.00000000000000000e+00
55 512 1.00000000000000000e+00
2 513 1.00000000000000000e+00
55 513 -1.00000000000000000e+00
5 514 -1.00000000000000000e+00
94 514 1.00000000000000000e+00
5 515 1.00000000000000000e+00
94 515 -1.00000000000000000e+00
2 516 -1.00000000000000000e+00
115 516 1.00000000000000000e+00
2 517 1.00000000000000000e+00
115 517 -1.00000000000000000e+00
1 518 1.00000000000000000e+00
88 518 -1.00000000000000000e+00
4 519 -1.00000000000000000e+00
117 519 1.00000000000000000e+00
4 520 1.00000000000000000e+00
117 520 -1.00000000000000000e+00
4 521 -1.00000000000000000e+00
43 521 1.00000000000000000e+00
4 522 1.00000000000000000e+00
43 522 -1.00000000000000000e+00
10 523 1.00000000000000000e+00
129 523 -1.00000000000000000e+00
3 524 -1.00000000000000000e+00
64 524 1.00000000000000000e+00
3 525 1.00000000000000000e+00
64 525 -1.00000000000000000e+00
3 526 -1.00000000000000000e+00
115 526 1.00000000000000000e+00
3 527 1.00000000000000000e+00
115 527 -1.00000000000000000e+00
5 528 -1.00000000000000000e+00
43 528 1.00000000000000000e+00
5 529 1.00000000000000000e+00
43 529 -1.00000000000000000e+00
3 530 -1.00000000000000000e+00
83 530 1.00000000000000000e+00
5 531 -1.00000000000000000e+00
86 531 1.00000000000000000e+00
3 532 1.00000000000000000e+00
83 532 -1.00000000000000000e+00
5 533 1.00000000000000000e+00
86 533 -1.00000000000000000e+00
1 534 1.00000000000000000e+00
76 534 -1.00000000000000000e+00
2 535 -1.00000000000000000e+00
30 535 1.00000000000000000e+00
3 536 -1.00000000000000000e+00
58 536 1.00000000000000000e+00
2 537 1.00000000000000000e+00
30 537 -1.00000000000000000e+00
3 538 1.00000000000000000e+00
58 538 -1.00000000000000000e+00
1 539 1.00000000000000000e+00
70 539 -1.00000000000000000e+00
3 540 -1.00000000000000000e+00
42 540 1.00000000000000000e+00
3 541 1.00000000000000000e+00
42 541 -1.00000000000000000e+00
3 542 -1.00000000000000000e+00
39 542 1.00000000000000000e+00
3 543 1.00000000000000000e+00
39 543 -1.00000000000000000e+00
10 544 1.00000000000000000e+00
42 544 -1.00000000000000000e+00
1 545 1.00000000000000000e+00
75 545 -1.00000000000000000e+00
10 546 1.00000000000000000e+00
64 546 -1.00000000000000000e+00
4 547 -1.00000000000000000e+00
76 547 1.00000000000000000e+00
4 548 1.00000000000000000e+00
76 548 -1.00000000000000000e+00
5 549 -1.00000000000000000e+00
124 549 1.00000000000000000e+00
5 550 1.00000000000000000e+00
124 550 -1.00000000000000000e+00
2 551 -1.00000000000000000e+00
66 551 1.00000000000000000e+00
2 552 1.00000000000000000e+00
66 552 -1.00000000000000000e+00
5 553 -1.00000000000000000e+00
7 553 1.00000000000000000e+00
5 554 1.00000000000000000e+00
7 554 -1.00000000000000000e+00
5 555 -1.00000000000000000e+00
82 555 1.00000000000000000e+00
5 556 1.00000000000000000e+00
82 556 -1.00000000000000000e+00
10 557 1.00000000000000000e+00
99 557 -1.00000000000000000e+00
4 558 -1.00000000000000000e+00
42 558 1.00000000000000000e+00
4 559 1.00000000000000000e+00
42 559 -1.00000000000000000e+00
2 560 -1.00000000000000000e+00
42 560 1.00000000000000000e+00
2 561 1.00000000000000000e+00
42 561 -1.00000000000000000e+00
4 562 -1.00000000000000000e+00
23 562 1.00000000000000000e+00
4 563 1.00000000000000000e+00
23 563 -1.00000000000000000e+00
2 564 -1.00000000000000000e+00
67 564 1.00000000000000000e+00
2 565 1.00000000000000000e+00
67 565 -1.00000000000000000e+00
4 566 -1.00000000000000000e+00
64 566 1.00000000000000000e+00
4 567 1.00000000000000000e+00
64 567 -1.00000000000000000e+00
1 568 1.00000000000000000e+00
90 568 -1.00000000000000000e+00
4 569 -1.00000000000000000e+00
75 569 1.00000000000000000e+00
4 570 1.00000000000000000e+00
75 570 -1.00000000000000000e+00
1 571 1.00000000000000000e+00
121 571 -1.00000000000000000e+00
1 572 1.00000000000000000e+00
82 572 -1.00000000000000000e+00
3 573 -1.00000000000000000e+00
21 573 1.00000000000000000e+00
3 574 1.00000000000000000e+00
21 574 -1.00000000000000000e+00
4 575 -1.00000000000000000e+00
70 575 1.00000000000000000e+00
5 576 -1.00000000000000000e+00
8 576 1.00000000000000000e+00
5 577 1.00000000000000000e+00
8 577 -1.00000000000000000e+00
4 578 1.00000000000000000e+00
70 578 -1.00000000000000000e+00
5 579 -1.00000000000000000e+00
117 579 1.00000000000000000e+00
5 580 1.00000000000000000e+00
117 580 -1.00000000000000000e+00
4 581 -1.00000000000000000e+00
107 581 1.00000000000000000e+00
10 582 1.00000000000000000e+00
46 582 -1.00000000000000000e+00
4 583 1.00000000000000000e+00
107 583 -1.00000000000000000e+00
4 584 -1.00000000000000000e+00
124 584 1.00000000000000000e+00
4 585 1.00000000000000000e+00
124 585 -1.00000000000000000e+00
2 586 -1.00000000000000000e+00
48 586 1.00000000000000000e+00
2 587 1.00000000000000000e+00
48 587 -1.00000000000000000e+00
1 588 1.00000000000000000e+00
20 588 -1.00000000000000000e+00
2 589 -1.00000000000000000e+00
41 589 1.00000000000000000e+00
2 590 1.00000000000000000e+00
41 590 -1.00000000000000000e+00
10 591 1.00000000000000000e+00
113 591 -1.00000000000000000e+00
3 592 -1.00000000000000000e+00
96 592 1.00000000000000000e+00
3 593 1.00000000000000000e+00
96 593 -1.00000000000000000e+00
5 594 -1.00000000000000000e+00
121 594 1.00000000000000000e+00
5 595 1.00000000000000000e+00
121 595 -1.00000000000000000e+00
2 596 -1.00000000000000000e+00
62 596 1.00000000000000000e+00
4 597 -1.00000000000000000e+00
108 597 1.00000000000000000e+00
2 598 1.00000000000000000e+00
62 598 -1.00000000000000000e+00
4 599 1.00000000000000000e+00
108 599 -1.00000000000000000e+00
3 600 -1.00000000000000000e+00
106 600 1.00000000000000000e+00
3 601 1.00000000000000000e+00
106 601 -1.00000000000000000e+00
3 602 -1.00000000000000000e+00
50 602 1.00000000000000000e+00
3 603 1.00000000000000000e+00
50 603 -1.00000000000000000e+00
3 604 -1.00000000000000000e+00
43 604 1.00000000000000000e+00
3 605 1.00000000000000000e+00
43 605 -1.00000000000000000e+00
5 606 -1.00000000000000000e+00
83 606 1.00000000000000000e+00
5 607 1.00000000000000000e+00
83 607 -1.00000000000000000e+00
10 608 1.00000000000000000e+00
41 608 -1.00000000000000000e+00
5 609 -1.00000000000000000e+00
109 609 1.00000000000000000e+00
5 610 1.00000000000000000e+00
109 610 -1.00000000000000000e+00
1 611 1.00000000000000000e+00
83 611 -1.00000000000000000e+00
2 612 -1.00000000000000000e+00
104 612 1.00000000000000000e+00
2 613 1.00000000000000000e+00
104 613 -1.00000000000000000e+00
10 614 1.00000000000000000e+00
68 614 -1.00000000000000000e+00
1 615 1.00000000000000000e+00
37 615 -1.00000000000000000e+00
4 616 -1.00000000000000000e+00
27 616 1.00000000000000000e+00
4 617 1.00000000000000000e+00
27 617 -1.00000000000000000e+00
5 618 -1.00000000000000000e+00
37 618 1.00000000000000000e+00
5 619 1.00000000000000000e+00
37 619 -1.00000000000000000e+00
10 620 1.00000000000000000e+00
50 620 -1.00000000000000000e+00
2 621 -1.00000000000000000e+00
105 621 1.00000000000000000e+00
2 622 1.00000000000000000e+00
105 622 -1.00000000000000000e+00
5 623 -1.00000000000000000e+00
58 623 1.00000000000000000e+00
5 624 1.00000000000000000e+00
58 624 -1.00000000000000000e+00
10 625 1.00000000000000000e+00
103 625 -1.00000000000000000e+00
4 626 -1.00000000000000000e+00
29 626 1.00000000000000000e+00
4 627 1.00000000000000000e+00
29 627 -1.00000000000000000e+00
10 628 1.00000000000000000e+00
116 628 -1.00000000000000000e+00
5 629 -1.00000000000000000e+00
56 629 1.00000000000000000e+00
5 630 1.00000000000000000e+00
56 630 -1.00000000000000000e+00
1 631 1.00000000000000000e+00
111 631 -1.00000000000000000e+00
4 632 -1.00000000000000000e+00
102 632 1.00000000000000000e+00
4 633 1.00000000000000000e+00
102 633 -1.00000000000000000e+00
3 634 -1.00000000000000000e+00
124 634 1.00000000000000000e+00
3 635 1.00000000000000000e+00
124 635 -1.00000000000000000e+00
4 636 -1.00000000000000000e+00
97 636 1.00000000000000000e+00
4 637 1.00000000000000000e+00
97 637 -1.00000000000000000e+00
1 638 1.00000000000000000e+00
112 638 -1.00000000000000000e+00
2 639 -1.00000000000000000e+00
53 639 1.00000000000000000e+00
10 640 1.00000000000000000e+00
45 640 -1.00000000000000000e+00
2 641 1.00000000000000000e+00
53 641 -1.00000000000000000e+00
4 642 -1.00000000000000000e+00
122 642 1.00000000000000000e+00
10 643 1.00000000000000000e+00
40 643 -1.00000000000000000e+00
4 644 1.00000000000000000e+00
122 644 -1.00000000000000000e+00
3 645 -1.00000000000000000e+00
26 645 1.00000000000000000e+00
3 646 1.00000000000000000e+00
26 646 -1.00000000000000000e+00
10 647 1.00000000000000000e+00
44 647 -1.00000000000000000e+00
1 648 1.00000000000000000e+00
100 648 -1.00000000000000000e+00
10 649 1.00000000000000000e+00
66 649 -1.00000000000000000e+00
2 650 -1.00000000000000000e+00
11 650 1.00000000000000000e+00
2 651 1.00000000000000000e+00
11 651 -1.00000000000000000e+00
1 652 1.00000000000000000e+00
18 652 -1.00000000000000000e+00
5 653 -1.00000000000000000e+00
42 653 1.00000000000000000e+00
5 654 1.00000000000000000e+00
42 654 -1.00000000000000000e+00
2 655 -1.00000000000000000e+00
63 655 1.00000000000000000e+00
2 656 1.00000000000000000e+00
63 656 -1.00000000000000000e+00
2 657 -1.00000000000000000e+00
81 657 1.00000000000000000e+00
2 658 1.00000000000000000e+00
81 658 -1.00000000000000000e+00
10 659 1.00000000000000000e+00
54 659 -1.00000000000000000e+00
5 660 -1.00000000000000000e+00
59 660 1.00000000000000000e+00
5 661 1.00000000000000000e+00
59 661 -1.00000000000000000e+00
2 662 -1.00000000000000000e+00
39 662 1.00000000000000000e+00
2 663 1.00000000000000000e+00
39 663 -1.00000000000000000e+00
10 664 1.00000000000000000e+00
38 664 -1.00000000000000000e+00
1 665 1.00000000000000000e+00
86 665 -1.00000000000000000e+00
1 666 1.00000000000000000e+00
77 666 -1.00000000000000000e+00
10 667 1.00000000000000000e+00
51 667 -1.00000000000000000e+00
4 668 -1.00000000000000000e+00
67 668 1.00000000000000000e+00
4 669 1.00000000000000000e+00
67 669 -1.00000000000000000e+00
3 670 -1.00000000000000000e+00
38 670 1.00000000000000000e+00
3 671 1.00000000000000000e+00
38 671 -1.00000000000000000e+00
2 672 -1.00000000000000000e+00
61 672 1.00000000000000000e+00
2 673 1.00000000000000000e+00
61 673 -1.00000000000000000e+00
2 674 -1.00000000000000000e+00
58 674 1.00000000000000000e+00
2 675 1.00000000000000000e+00
58 675 -1.00000000000000000e+00
4 676 -1.00000000000000000e+00
58 676 1.00000000000000000e+00
5 677 -1.00000000000000000e+00
97 677 1.00000000000000000e+00
5 678 -1.00000000000000000e+00
101 678 1.00000000000000000e+00
4 679 1.00000000000000000e+00
58 679 -1.00000000000000000e+00
5 680 1.00000000000000000e+00
97 680 -1.00000000000000000e+00
5 681 1.00000000000000000e+00
101 681 -1.00000000000000000e+00
3 682 -1.00000000000000000e+00
40 682 1.00000000000000000e+00
3 683 1.00000000000000000e+00
40 683 -1.00000000000000000e+00
1 684 1.00000000000000000e+00
42 684 -1.00000000000000000e+00
1 685 1.00000000000000000e+00
7 685 -1.00000000000000000e+00
3 686 -1.00000000000000000e+00
24 686 1.00000000000000000e+00
3 687 1.00000000000000000e+00
24 687 -1.00000000000000000e+00
10 688 1.00000000000000000e+00
30 688 -1.00000000000000000e+00
3 689 -1.00000000000000000e+00
59 689 1.00000000000000000e+00
3 690 1.00000000000000000e+00
59 690 -1.00000000000000000e+00
4 691 -1.00000000000000000e+00
93 691 1.00000000000000000e+00
4 692 1.00000000000000000e+00
93 692 -1.00000000000000000e+00
10 693 1.00000000000000000e+00
49 693 -1.00000000000000000e+00
4 694 -1.00000000000000000e+00
71 694 1.00000000000000000e+00
4 695 1.00000000000000000e+00
71 695 -1.00000000000000000e+00
2 696 -1.00000000000000000e+00
96 696 1.00000000000000000e+00
2 697 1.00000000000000000e+00
96 697 -1.00000000000000000e+00
3 698 -1.00000000000000000e+00
94 698 1.00000000000000000e+00
3 699 1.00000000000000000e+00
94 699 -1.00000000000000000e+00
10 700 1.00000000000000000e+00
83 700 -1.00000000000000000e+00
10 701 1.00000000000000000e+00
60 701 -1.00000000000000000e+00
5 702 -1.00000000000000000e+00
74 702 1.00000000000000000e+00
5 703 1.00000000000000000e+00
74 703 -1.00000000000000000e+00
5 704 -1.00000000000000000e+00
78 704 1.00000000000000000e+00
5 705 1.00000000000000000e+00
78 705 -1.00000000000000000e+00
3 706 -1.00000000000000000e+00
55 706 1.00000000000000000e+00
3 707 1.00000000000000000e+00
55 707 -1.00000000000000000e+00
3 708 -1.00000000000000000e+00
7 708 1.00000000000000000e+00
3 709 1.00000000000000000e+00
7 709 -1.00000000000000000e+00
3 710 -1.00000000000000000e+00
95 710 1.00000000000000000e+00
3 711 1.00000000000000000e+00
95 711 -1.00000000000000000e+00
2 712 -1.00000000000000000e+00
71 712 1.00000000000000000e+00
2 713 1.00000000000000000e+00
71 713 -1.00000000000000000e+00
2 714 -1.00000000000000000e+00
65 714 1.00000000000000000e+00
2 715 1.00000000000000000e+00
65 715 -1.00000000000000000e+00
2 716 -1.00000000000000000e+00
60 716 1.00000000000000000e+00
2 717 1.00000000000000000e+00
60 717 -1.00000000000000000e+00
10 718 1.00000000000000000e+00
125 718 -1.00000000000000000e+00
10 719 1.00000000000000000e+00
62 719 -1.00000000000000000e+00
5 720 -1.00000000000000000e+00
110 720 1.00000000000000000e+00
5 721 1.00000000000000000e+00
110 721 -1.00000000000000000e+00
1 722 1.00000000000000000e+00
124 722 -1.00000000000000000e+00
4 723 -1.00000000000000000e+00
78 723 1.00000000000000000e+00
4 724 1.00000000000000000e+00
78 724 -1.00000000000000000e+00
4 725 -1.00000000000000000e+00
37 725 1.00000000000000000e+00
5 726 -1.00000000000000000e+00
70 726 1.00000000000000000e+00
4 727 1.00000000000000000e+00
37 727 -1.00000000000000000e+00
5 728 1.00000000000000000e+00
70 728 -1.00000000000000000e+00
1 729 1.00000000000000000e+00
120 729 -1.00000000000000000e+00
3 730 -1.00000000000000000e+00
37 730 1.00000000000000000e+00
3 731 1.00000000000000000e+00
37 731 -1.00000000000000000e+00
1 732 1.00000000000000000e+00
119 732 -1.00000000000000000e+00
3 733 -1.00000000000000000e+00
57 733 1.00000000000000000e+00
3 734 1.00000000000000000e+00
57 734 -1.00000000000000000e+00
10 735 1.00000000000000000e+00
127 735 -1.00000000000000000e+00
3 736 -1.00000000000000000e+00
56 736 1.00000000000000000e+00
3 737 1.00000000000000000e+00
56 737 -1.00000000000000000e+00
1 738 1.00000000000000000e+00
79 738 -1.00000000000000000e+00
10 739 1.00000000000000000e+00
61 739 -1.00000000000000000e+00
2 740 -1.00000000000000000e+00
114 740 1.00000000000000000e+00
2 741 1.00000000000000000e+00
114 741 -1.00000000000000000e+00
10 742 1.00000000000000000e+00
57 742 -1.00000000000000000e+00
4 743 -1.00000000000000000e+00
74 743 1.00000000000000000e+00
4 744 1.00000000000000000e+00
74 744 -1.00000000000000000e+00
10 745 1.00000000000000000e+00
63 745 -1.00000000000000000e+00
5 746 -1.00000000000000000e+00
76 746 1.00000000000000000e+00
5 747 1.00000000000000000e+00
76 747 -1.00000000000000000e+00
3 748 -1.00000000000000000e+00
29 748 1.00000000000000000e+00
3 749 1.00000000000000000e+00
29 749 -1.00000000000000000e+00
1 750 1.00000000000000000e+00
73 750 -1.00000000000000000e+00
10 751 1.00000000000000000e+00
58 751 -1.00000000000000000e+00
